	Adipose.Tissue	Bladder	Brain	Colon	Esophagus	Heart	Kidney	Liver	Lung	Muscle	Nerve	Pancreas	Pituitary	Skin	Small.Intestine	Stomach
ENSG00000170323	1.8837810335291	-0.00963601593086537	-0.087674907859154	-0.0468700731534474	-0.0656976739798864	-0.0470298950360908	-0.0799731448490475	-0.0863103443615017	-0.0483956895759528	-0.053749494904506	0.0416475350447098	-0.0842189658196238	-0.0868347433973041	-0.0438712031021875	-0.0668746283372434	-0.0737445183534957
ENSG00000184811	-0.0610676816224751	-0.0875026231073063	-0.0882730127692741	-0.08779013072679	-0.0881144880590416	-0.088034176059135	-0.0879620488128284	-0.0883007635650707	-0.0882872543222943	-0.0880999603749669	-0.0864646119050119	-0.088252491362209	-0.0882909796534224	-0.087753039087201	-0.0880501741735169	-0.0881396975407067
ENSG00000151365	-0.0499872650323556	-0.0876346917330743	-0.0881356368563379	-0.087661461984798	-0.0872578776498634	-0.087481939265756	-0.0875227817698032	-0.0489763382911391	-0.0882680290879197	-0.0873538044155551	-0.0841806767420225	-0.088003616688796	-0.0882651139519361	-0.0845183799431042	-0.0880547629379984	-0.0881139607529046
ENSG00000079435	0.119004179587205	-0.081847734034636	-0.0811358934748869	-0.0837245600227689	-0.0855533869751485	-0.0843455351127517	-0.0855362825744775	-0.0880457166586786	-0.0868666040565548	-0.0851052658261343	-0.0768984355350121	-0.08752647114603	-0.0853697077889591	-0.082253015533963	-0.0832757207495777	-0.0865053004458196
ENSG00000179914	-0.0092654122817284	-0.0881104846096749	-0.0882781382177229	-0.0732336242976144	-0.0881475029150868	-0.0663020606693817	-0.0878201554725664	-0.0879411408008968	-0.0723397653875137	-0.0881723419660409	-0.0879804188647239	-0.0882154453107564	-0.088147292832529	-0.0882312297758022	-0.074328135524367	-0.0860328772509893
ENSG00000100867	-0.0882635224061695	0.209952098300872	-0.0881080225876134	-0.0882598117864097	-0.0882561235826899	-0.0882988604306125	-0.0880671091883638	-0.0843722974354691	-0.0882014278546668	-0.0882968257807246	-0.0881960465759851	-0.0868686756305051	-0.0873358329888388	-0.0875977737841618	-0.0882637722749539	-0.0874670551124217
ENSG00000226510	-0.0882668177625873	-0.0875018352235913	-0.0882895708734631	-0.0882880511711515	-0.0882505992095339	-0.0883009785434535	-0.0882909126318443	-0.088297897458286	-0.0882669755847706	-0.0883053574061575	-0.0882983740514509	-0.0883010287273973	-0.0882870383224832	-0.0881836834492603	-0.0882912041237004	-0.0883034435961746
ENSG00000100373	-0.088288644072073	-0.0585024842114982	-0.0882558072694429	-0.0882690608780231	-0.0882879176560582	-0.0882917745791365	-0.0882921415397368	-0.0882988762314929	-0.0882642253165107	-0.0860162234882695	-0.0882839793559379	-0.0883033631527495	-0.0880652815187105	-0.0882954547186856	-0.0879646427012714	-0.0882840172642533
ENSG00000131095	-0.0874317748453028	-0.088129494172965	0.722411465154037	-0.0878794221671753	-0.0879936784026056	-0.0873507399733405	-0.0879465291839246	-0.0880783102236846	-0.0877378201428941	-0.0879246509447968	-0.0822068804819166	-0.0880607544355942	-0.0224106493210505	-0.0875347244727606	-0.0880014693298186	-0.0880735280938385
ENSG00000168314	-0.0882227897133916	-0.0882660995746144	0.00564654528190696	-0.0881486819656172	-0.0882600101766007	-0.0882551467192298	-0.0882729136216069	-0.0882799259712217	-0.0881216528148134	-0.0882406772539317	-0.0877174895081453	-0.0882851105144357	-0.0838756955149927	-0.0882112337551031	-0.0882566673885148	-0.0882716679326875
ENSG00000132639	-0.0877313696142461	-0.0881160266872255	0.185383204593893	-0.0869341389645827	-0.0877992255083825	-0.0878338928495423	-0.0879359174374549	-0.0880721225161191	-0.0871943983139176	-0.0881649340908241	-0.0879055356413775	-0.087581103321978	-0.0581301555195656	-0.0874146957309372	-0.0873247800286528	-0.0870657060030351
ENSG00000155980	-0.0882077809915777	-0.0881426462357147	-0.0043952971801892	-0.0873242916731408	-0.0879134277586185	-0.0882124386890225	-0.0881615966771408	-0.0882840575433345	-0.0881837473023183	-0.0882570488690772	-0.0863660667256899	-0.0881835533403865	-0.0793487676245407	-0.0881540785876004	-0.0876568205539582	-0.0880076475821652
ENSG00000184221	-0.0882555199970304	-0.0883057901823091	-0.0483906070761704	-0.0882611186945095	-0.0882767360821955	-0.0882553019213412	-0.0874829268005259	-0.0882787336177876	-0.0879776212318894	-0.0881626269740384	-0.0878568197040837	-0.0882768830834121	-0.0870193584085164	-0.0880976341012984	-0.0882530924077827	-0.0882818620280415
ENSG00000162188	-0.0882057060443371	-0.0881694939461745	-0.0199353153976034	-0.0865566243122337	-0.0879852481293033	-0.0882126958610328	-0.0881971859510267	-0.0882065074429778	-0.088169236293733	-0.0882367776739454	-0.0878309496015188	-0.0882244797541532	-0.0720942248919843	-0.0880527911461607	-0.0873165232558966	-0.0879812673775681
ENSG00000187730	-0.0881818483667968	-0.0882684344791259	-0.0593732504600437	-0.088249232507681	-0.0882202278177692	-0.0882069306893901	-0.0882254997075387	-0.0882695257665767	-0.0879928150743152	-0.0882580968931224	-0.0882229502002101	-0.0882831914940765	-0.0872147250846212	-0.0880327616263735	-0.088243541097791	-0.0882676455632303
ENSG00000171747	-0.0876462924265762	-0.0777626650497244	-0.0879332931583171	0.235635340396155	-0.0871511813236593	-0.0880760547320958	-0.0878596658173234	-0.0705205791891817	-0.0875857103060862	-0.0878562420924584	-0.0871965508815587	-0.0818069788414268	-0.0877357687276826	-0.0877390922955325	0.158752734188401	-0.0677799042760111
ENSG00000105388	-0.0882636016382156	-0.0881731808813672	-0.088292384643838	-0.0176826417791661	-0.0647196753388265	-0.0882906742849116	-0.088287199787066	-0.0882739664644904	-0.086867148488951	-0.0882723431572346	-0.0882630688309228	-0.0882523139087218	-0.0882562558928955	-0.0878378777679084	-0.0721215049117987	-0.0859200121243297
ENSG00000125780	-0.0880675546644631	-0.0882122123396584	-0.0882057717728445	-0.0882212656680806	0.0845342205283273	-0.0882710024276442	-0.0882587426401399	-0.0882036380419201	-0.0881562960708836	-0.0881982887100808	-0.0881666346885318	-0.0880603179238374	-0.0882155732152829	-0.0747414431726653	-0.0882114346033304	-0.0881670469067748
ENSG00000171401	-0.0864549004763114	0.102900632783945	-0.0874663499799065	-0.0866103681892731	5.1132526969925	-0.0873820953229544	-0.0871466852127461	-0.0867857772205495	-0.085929966094751	-0.0857314606805741	-0.086173963447905	-0.0842873598188336	-0.086030331172018	-0.086537020593573	-0.0861717317815751	-0.0864124801942659
ENSG00000214711	-0.088281446957321	-0.087909119963299	-0.0882790431725204	-0.0882865897530087	-0.0666551548583122	-0.0882831112442331	-0.0882426026495287	-0.0882965703560485	-0.0882489257219427	-0.0882969753942876	-0.0882624777247743	-0.0882869075937532	-0.0882276409479438	-0.0881744071319992	-0.088218287561049	-0.0882912038656952
ENSG00000183347	-0.0882944584223665	-0.088226045050672	-0.0882863820472232	-0.0882953339805127	-0.0570302574201384	-0.0882993161298954	-0.0882998439161888	-0.088293389429259	-0.0882422105544901	-0.0882634798515521	-0.0882909018644041	-0.0882903199892468	-0.0880997445258585	-0.0882173429454222	-0.0882900246867267	-0.0882912149899029
ENSG00000121552	-0.0826865967663514	-0.0807455260477411	-0.0880441826598856	-0.0875210948671603	0.439743944014612	-0.0876416548360926	-0.0877779462010004	-0.0852333770744394	-0.0802333149539658	-0.0878827128220245	-0.0858358875996996	-0.0878021559907032	-0.0877811268007177	-0.0293066900315153	-0.0870272614139107	-0.0862288613494466
ENSG00000197353	-0.088219560314397	-0.0882888758201809	-0.0883002025998599	-0.0882906506309358	-0.0543900276225497	-0.0879739035061704	-0.0882882449158457	-0.0881017680003673	-0.0876976080482212	-0.0882666621928761	-0.0882650441878597	-0.0882655422288799	-0.0882839539830145	-0.0831724274982382	-0.0882824358887745	-0.0877529384461817
ENSG00000136689	-0.0846969811030529	-0.0815630300133646	-0.0880223024020942	-0.0875351704987171	0.103689150105517	-0.0879381816155164	-0.087984989029824	-0.0514702106309623	-0.081221261703077	-0.0877441687771877	-0.0874644300313663	-0.0879776202153206	-0.0880001148171768	-0.0659412022550619	-0.08583716567267	-0.0853815090459277
ENSG00000175206	-0.0869391263957907	-0.0878895785686244	-0.0871080004920752	-0.087053883691704	-0.0869750287191875	4.82586530823996	-0.0877372519991827	-0.0876731036688784	-0.0866905871577287	-0.087030718003622	-0.0867566837320066	-0.0877284490971035	-0.0868247445610195	-0.0869850388244769	-0.0869993071719547	-0.0874828080368554
ENSG00000129991	-0.0878984408820548	-0.0882011919056148	-0.0876803759938059	-0.0880608256619141	-0.0879337072381312	0.911296475493753	-0.0880736540589669	-0.0881526667151687	-0.0870185213374424	-0.0863970120257545	-0.0878971668205066	-0.088132458419768	-0.0876872807511416	-0.0874621668826637	-0.088080613677214	-0.088097250557013
ENSG00000134571	-0.0881551746737179	-0.0882750318267344	-0.0881994564827268	-0.088116459366146	-0.0881784799449945	0.0940415278490754	-0.0881468105901201	-0.0882654685608161	-0.0878826037737782	-0.0882420629719229	-0.088200334615365	-0.0881148999087836	-0.088251924601032	-0.0882506019243583	-0.0882089276250965	-0.0876383831868158
ENSG00000242349	-0.0874490077633117	-0.0876607640288005	-0.0873990118660547	-0.0875091672675422	-0.0876730654441285	-0.0804174578105154	-0.0875568702621772	-0.0875982802289714	-0.0861434119472185	-0.0880532902647208	-0.0874552377476631	-0.0877141529719033	-0.0827785146641459	-0.0876230110286838	-0.08617815844053	-0.0875993427464908
ENSG00000198336	-0.0877736338662841	-0.0881090794015563	-0.0881641791955464	-0.0880778846085692	-0.0880195131419403	0.423622429933509	-0.088107656728242	-0.0881179895090057	-0.0875706159550505	-0.0877400383383304	-0.0877491461124899	-0.0882118035826847	-0.0880909264793178	-0.0880324139592171	-0.0880216256463747	-0.0876646847794343
ENSG00000148677	-0.0880708394839362	-0.0882337704016174	-0.0881782418356964	-0.0880915410073694	-0.0874519711218531	0.348819655676123	-0.0881854474886142	-0.0879064275714584	-0.0716783834400241	0.0126849262756979	-0.0878465931539332	-0.0881678875107102	-0.0879146960618508	-0.0843360520341208	-0.088195537171429	-0.0881526083447595
ENSG00000036448	-0.0870358841477944	-0.0866554919932299	-0.0835487557011044	-0.0869476306648594	-0.085952122469747	0.0226810868252081	-0.0859337585127416	-0.0867001086215331	-0.0858554868456594	-0.00504982694579099	-0.086351925710498	-0.0876143319960477	-0.0854174224896366	-0.0867234246481118	-0.0870061036215772	-0.0873704398318803
ENSG00000121769	-0.0800469242574791	-0.085104865770646	-0.0682250309260569	-0.0841688526365917	-0.0809732762635047	0.56985122352568	-0.0587252082181889	-0.0873709028690534	-0.0791240597982554	0.2158681915584	-0.0840261534634127	-0.0879902300642618	-0.0842520138021918	-0.0843962035016275	-0.0856277858353539	-0.0772378685838001
ENSG00000070915	-0.0882997545451289	-0.0882554752181651	-0.0882883776329104	-0.0882926545987887	-0.0882961682924314	-0.0883052411357464	-0.0717912738989524	-0.0883022481246166	-0.0882823455435832	-0.0883051587816244	-0.0882971661900747	-0.0882733924834366	-0.088287609479726	-0.0883001050066157	-0.0881415205590719	-0.0882570657171323
ENSG00000174827	-0.0881962247219065	-0.0882234713826953	-0.0864626652063018	-0.0879164673059133	-0.0881820757967935	-0.0882446126705446	-0.0416760779117523	-0.0755534562826763	-0.0881631403709655	-0.0882601829801682	-0.088136685573436	-0.0863964178294765	-0.0880756756017561	-0.0878082206859533	-0.0736190606691214	-0.0881465360198688
ENSG00000147003	-0.0882173154501536	-0.0879385896567863	-0.0881797413472648	-0.0882239532441607	-0.0882024087616173	-0.0882191995092216	-0.0722672843495298	-0.0863528063260205	-0.0880067776509593	-0.0882958211250891	-0.0881550241412349	-0.0880011971178478	-0.0880809517604517	-0.0881871214694124	-0.0882182506972887	-0.0879505936921384
ENSG00000171564	-0.0877879712526274	-0.0878682450008187	-0.0879871743028401	-0.0872221698473815	-0.087755520144883	-0.0876525836279488	-0.0756971606846794	2.14791437509637	-0.0873104769250454	-0.0882127400337444	-0.0881903189060233	-0.0844712688060988	-0.0881182200353618	-0.0881499504520017	-0.0880156923666656	-0.0853147043580064
ENSG00000158874	-0.0877085621457629	-0.0880029297744977	-0.0881133648060651	-0.088109011695082	-0.0879546290140606	-0.0879991628301856	-0.0880866157627986	2.70838285007495	-0.0876544665172547	-0.0881894696963447	-0.0881201889115635	-0.087966612215562	-0.087865328591144	-0.0880897271007669	-0.0880492038342187	-0.0880521264182465
ENSG00000229314	-0.0851068209926377	-0.0875675769969153	-0.0880865605789232	-0.08786358003428	-0.087757700316599	-0.0876556179570119	-0.0880288086635009	5.33408288429276	-0.0782968363036398	-0.0880023438442987	-0.087944844671499	-0.0864302224415392	-0.0878753604524197	-0.0879226725035289	-0.0878058740188055	-0.0854074724686405
ENSG00000171560	-0.0877750043522747	-0.0878629373012087	-0.0882477198303117	-0.0881494227579338	-0.0880668397685771	-0.0880842850731163	-0.0864961151099558	2.08068997789503	-0.086315592638593	-0.0882204743325189	-0.0881999441227492	-0.0851665371136003	-0.088160686153472	-0.0881549931631566	-0.0881024990281939	-0.0837382044865484
ENSG00000091583	-0.0880903705124485	-0.0882517433691086	-0.0882735309704316	-0.0881582886926848	-0.0882202321687831	-0.0881908116245284	-0.0876074490884827	0.610087451620814	-0.0874351364761258	-0.0882733666705086	-0.0882542680153786	-0.0871798502386446	-0.0882255486723437	-0.0882314471228413	-0.0881829088162405	-0.0876989686763199
ENSG00000163631	-0.0866748493164997	-0.0877042980006872	-0.0876285269143734	-0.0876522438058184	-0.0868682682162416	-0.0868569412427433	-0.0692017799734714	7.63486707547242	-0.0858658741144082	-0.0878635630743823	-0.0872193207169275	0.00111311245816881	-0.0870351869077977	-0.087461745388213	-0.0875333555184416	-0.0863376026013527
ENSG00000171557	-0.0878561210242026	-0.0879116876896792	-0.0882388520652443	-0.0881415840633528	-0.0881024480480915	-0.0880781298224501	-0.0874345488269545	1.84817128618581	-0.071192548997279	-0.0882208671139786	-0.088186852473785	-0.0848083638129234	-0.0881452894941087	-0.0881457035788236	-0.0881483386096213	-0.0867316030630898
ENSG00000145192	-0.0882560802495873	-0.0882863461910432	-0.0882762708592822	-0.0882855093553605	-0.088269267456226	-0.0882750675753879	-0.0882746042978826	0.178165096076844	-0.0882753205438451	-0.0882945931088496	-0.0882923203859171	-0.0882102549459863	-0.0882798447230899	-0.0882718859139973	-0.0882855049930481	-0.0882818763007898
ENSG00000133661	-0.0881229630015245	-0.0881972505886243	-0.0877261708490042	-0.0881079644122229	-0.0879689828734423	-0.0881661521731671	-0.0880447897499687	-0.0881882548509077	-0.00845944520355127	-0.0882679359359764	-0.0880370608450278	-0.0878330247163751	-0.0871695165875438	-0.0874463569835783	-0.0881860833779941	-0.0880869037854005
ENSG00000142748	-0.0772488821578383	-0.0873631064494242	-0.0881198135967565	-0.0873775718871785	-0.0868349437011734	-0.0825367838329854	-0.0820581448003963	-0.0680988966350458	0.171201512769387	-0.0869448840761347	-0.0874237247827353	-0.0866225711382413	-0.0856539619977989	-0.0878584435252143	-0.0868415954549159	-0.0867063129512325
ENSG00000204305	-0.0857245213025374	-0.0849092653081975	-0.0858875583373491	-0.084266473473191	-0.084645155270708	-0.0872043329785522	-0.0850311930095245	-0.0865634965685594	0.140899088659805	-0.0876522907060685	-0.0833579009850958	-0.0872076842463308	-0.081371987658098	-0.0861694228641283	-0.0829972134159817	-0.0860234595797782
ENSG00000078081	-0.0882287399454664	-0.0881340602752861	-0.0882699941978414	-0.0882241247496176	-0.0879038848386356	-0.0882901563058265	-0.0882057387351279	-0.0882340179715211	-0.0642966230136504	-0.0882952344961438	-0.0882741702906652	-0.0878211449218153	-0.0881250488832952	-0.0876774697706813	-0.0878499797657102	-0.0882235770306377
ENSG00000256612	-0.0881275354036963	-0.0880315017990378	-0.0880362065265471	-0.0880366555972136	-0.0882165368958945	-0.0882718268350145	-0.0882573690829323	-0.0777940577072559	-0.0521429057682208	-0.0882600456143453	-0.0881076787744816	-0.0882529137657059	-0.0880089476177615	-0.0882017489058474	-0.08784585863271	-0.0880001964490837
ENSG00000086548	-0.0882301754919396	-0.0881514198848682	-0.0882851325239611	-0.0782117450638783	-0.0677633355753726	-0.0882866567466417	-0.0882953679753271	-0.0882253490948176	-0.03656926111982	-0.0882830117376734	-0.088267600752541	-0.0876175974327273	-0.0882591833828104	-0.0871055543497681	-0.0827223323074134	-0.088055512855038
ENSG00000101470	-0.0865833564791695	-0.0877342063277417	-0.0868908987868383	-0.0870373335719916	-0.0871232974127939	-0.0877433548135237	-0.087750631543865	-0.087900018817063	-0.0871376736712341	1.95944152020802	-0.0840422629295584	-0.0880091725301951	-0.0870088940698851	-0.0850780467861948	-0.0869026748180666	-0.0877161506317467
ENSG00000180209	-0.0876642954731562	-0.0880719953876879	-0.0878769670330602	-0.0879454115800693	-0.087770167589407	-0.0880465647394879	-0.0878662392092406	-0.0880840889840349	-0.0877455550692571	0.949126944257188	-0.0862360398734443	-0.0881033171345289	-0.0878228737392405	-0.087368868295459	-0.0879535884044265	-0.0880448612714384
ENSG00000086967	-0.0882068831360924	-0.0882829699339861	-0.0881553704886633	-0.0882314974992912	-0.0882114252263672	-0.0882587458417163	-0.088210510350619	-0.0882722020453875	-0.0881884905384129	0.107104188465569	-0.0880689528309596	-0.0882545501091984	-0.0880037871997818	-0.0881504752023518	-0.0881622836457676	-0.0882670141709311
ENSG00000130598	-0.0872971754254033	-0.0710924183953026	-0.0880429187899393	-0.0878774483960593	-0.0855662986757984	-0.0880489174444462	-0.0880114198164671	-0.0879925090711881	-0.0845996983296046	0.743810302184278	-0.086541702640135	-0.0869325744728181	-0.0878238784496769	-0.0799018295596948	-0.0873882955781039	-0.0879946091631336
ENSG00000164879	-0.0864546537072686	-0.0876884742347779	-0.0878764883132469	-0.0878594932911952	-0.087728878623991	-0.0873317418864413	-0.087830038851747	-0.0879937235006823	-0.0799164710338217	0.365052003403899	-0.0869007036692329	-0.0881460586097535	-0.086936840727563	-0.0876260232586746	-0.0870518376807832	-0.0874101842127265
ENSG00000130595	-0.0790204640964766	-0.0745052440071802	-0.0879329834065852	-0.0869287574738353	-0.0861710560945815	-0.0746943968557668	-0.0879739319970699	-0.0880392594387211	-0.0866876989549594	1.10255447441585	-0.0825419223301327	-0.0879741743191322	-0.0872124447159051	-0.0859661374837182	-0.0867987286391943	-0.0873886784658831
ENSG00000158887	-0.0843017096971294	-0.0853515755379632	-0.0864760914384651	-0.0837115762738162	-0.0836005338679704	-0.0867249574459538	-0.0875287038053752	-0.0874162507102095	-0.0869269646449141	-0.0873631985556263	0.852116020029021	-0.0879071740702645	-0.0855394728521047	-0.0862855302024452	-0.0852233357588502	-0.0864626315624753
ENSG00000105227	-0.0872709931180298	-0.086733759985075	-0.0873931850639707	-0.0874831229241106	-0.0873621191958187	-0.0878725484137055	-0.0871927440738241	-0.0881713458844577	-0.072618198415074	-0.0876829687633287	0.0572882554079928	-0.0877951943392814	-0.0877161106602647	-0.0874515784913427	-0.0876563830069302	-0.087518187161139
ENSG00000160307	-0.0557969967718061	-0.0849438635554619	0.138498077466018	-0.0671465821622191	-0.0775754804721406	-0.0858204973130526	-0.0877088940447002	-0.0879321033342828	-0.0861648726074545	-0.0877257032649461	0.409166381130603	-0.0876429933586179	-0.0615379855235539	-0.0851494293762741	-0.0764655888434941	-0.0831593627187352
ENSG00000243480	-0.0854329082364032	-0.0879220779620281	-0.0874797782497393	-0.0878139201024345	-0.0875958106575874	-0.0880025175464918	-0.0880099891210544	-0.0877462402071217	-0.0878129927289405	-0.0879750829858034	-0.0871351424184866	3.1348460954948	-0.0877627244119413	-0.0877422147385637	-0.0877264552196247	-0.0877429763168206
ENSG00000170835	-0.0853673511871756	-0.0864314843806847	-0.0871054554375727	-0.0873479271059012	-0.0867744324822545	-0.087468386846214	-0.0870610081809239	-0.0875411314345884	-0.0874558579813098	-0.0878475154255465	-0.0871443550438198	3.66328641791383	-0.00743192431384902	-0.0865953630206739	-0.0861935639999006	-0.087315226955377
ENSG00000138161	-0.0878962241185115	-0.0881044405940652	-0.0879833229347474	-0.0880413459650353	-0.0880061284590774	-0.0882090490356355	-0.0881008728571307	-0.088210756211513	-0.0880035070923463	-0.0882446024484831	-0.0879056515353231	0.300830015098961	-0.0876773672249899	-0.0880534733575595	-0.0878997431134807	-0.0881171933766286
ENSG00000170827	-0.0882213689999768	-0.0882653840107507	-0.0882462408931638	-0.0880173320000962	-0.0882685543800433	-0.0882918332287263	-0.088233332914692	-0.0882914832112731	-0.088279263264516	-0.0882890975832712	-0.0882684985786484	0.000833805019651171	-0.084073160667744	-0.0881850980635718	-0.0852465065967318	-0.0882804157044076
ENSG00000010438	-0.0866626124352816	-0.0866264853612972	-0.0766351228243615	-0.0655961807785841	-0.0728034035705158	-0.0870367798619506	-0.0612648924435346	-0.086677092501837	-0.0856211072978487	-0.0881943666687865	-0.087979171794026	0.8934554802225	-0.0879658954759937	-0.0734152902400687	-0.064216693645862	-0.0746290040790329
ENSG00000141086	-0.0876401135641163	-0.0879755526525535	-0.0875640877576814	-0.087931693368215	-0.0880045870619255	-0.0881246691432301	-0.0880173217918853	-0.0880900015262467	-0.0872605205223002	-0.0881142829445121	-0.0877342416533985	0.222787738898379	-0.087305224864125	-0.0880286207428745	-0.087382291001948	-0.0880247722003557
ENSG00000164266	-0.0856541505973991	0.123083246297455	-0.0880293083013237	-0.0575555161054943	-0.0854355444465459	-0.0877849289024095	-0.0708045895446992	-0.00663811997787346	-0.0867254275492398	-0.0879436214324416	-0.0874575776001596	3.78160052068068	-0.0876491323612549	-0.086706952046347	-0.00610658973725372	0.206912999096576
ENSG00000167748	-0.0873118663478217	-0.0881069282963493	-0.0882359422420712	-0.0737138790095161	-0.0876168698647687	-0.0881264489640452	-0.0790436682632335	-0.0882145710163753	-0.0875989178157255	-0.0882281922731628	-0.0875120194812911	0.422433146888392	-0.0881393330870868	-0.0723412441047989	-0.0780593723559375	-0.0877719033206302
ENSG00000115138	-0.0868531638512733	-0.0873239788028477	-0.0858599751297678	-0.086714183534815	-0.0866622063473648	-0.0870850065381422	-0.0874506028328034	-0.0873616217949422	-0.087203108177708	-0.0875285666932431	-0.0870289597555955	-0.0858828281578823	11.5612249419831	-0.0868885431818652	-0.087210454190157	-0.0873159555040272
ENSG00000069482	-0.0873601842699166	-0.0881497378388117	-0.086385809465009	-0.0847427000434635	-0.0866930788731309	-0.0881710255951092	-0.0879248647245028	-0.0882512446143686	-0.0881058779266684	-0.0882370726519943	-0.087856249759862	-0.0880523870234499	0.191356573974241	-0.0844980651536873	-0.0870230837120164	-0.0863064604544379
ENSG00000260001	-0.0882341780130263	-0.0876304942767358	-0.0839303580969151	-0.0880761826082569	-0.0876760901136639	-0.0873211568891314	-0.0881058086166008	-0.0880007271885814	-0.0881543351696693	-0.0881001815782375	-0.0882587747306963	-0.0881968088902954	0.0452502739215541	-0.0878040745849245	-0.0881313923374825	-0.0881196029634292
ENSG00000102109	-0.0877838719363453	-0.0879979325719541	0.000273625390926109	-0.083929440186934	-0.0869919466013608	-0.0871832991795231	-0.0577718579148527	-0.0881628313129101	-0.0873549726557264	-0.0881812525717387	-0.0867802594746422	-0.0788318452298491	0.334782809355263	-0.0864439654889536	-0.0839186109132031	-0.084725351036354
ENSG00000054356	-0.0882401762640559	-0.0882092250342187	-0.0622695109857837	-0.0870154493908056	-0.0879625520308938	-0.0882324953104163	-0.0882764563921094	-0.0882734604470496	-0.0882049158291075	-0.0882739992761976	-0.0881268161287758	-0.0848758579736139	-0.00910298704343462	-0.0878168060946321	-0.0875846001612021	-0.0871389188670794
ENSG00000166922	-0.0876435934975075	-0.0880962919233866	-0.0456981616586608	-0.0870674290195971	-0.0875175639558417	-0.0881244361997865	-0.0881022035148876	-0.085762318982516	-0.0879833850929257	-0.0882200050454262	-0.0878826332867865	-0.0758822372047517	0.0544201649911247	-0.0828491041985811	-0.0869858887134335	-0.0869966352028277
ENSG00000007516	-0.0870293562732622	-0.086053889747831	-0.0765763218884988	-0.0867294179375721	-0.0875105136126662	-0.0877333392791065	-0.0855358507233468	-0.0866007546735647	-0.0851066309743614	-0.0878851190904571	-0.0871748229213835	-0.08626458186121	0.10054315599703	-0.0875956845200864	-0.0808247854547028	-0.0869689595502725
ENSG00000124302	-0.0881342465873825	-0.0882240243532022	-0.0858937788115049	-0.0882082224147612	-0.0882085408660297	-0.0882516540507138	-0.0882858775291873	-0.0882793380546726	-0.08821409471309	-0.0882765325576082	-0.088086872371257	-0.0881783110963348	-0.0668667161605385	-0.0882351341611504	-0.0882162093251411	-0.0882330292900422
ENSG00000143631	-0.0878346969151773	-0.0882236568366023	-0.0880853161616963	-0.087828086714724	-0.0866505092438452	-0.0881446928440558	-0.0869849116470197	-0.0882843103589984	-0.0881611286766701	-0.0882769471723687	-0.0878100849844643	-0.0878467439400469	-0.0882282498856717	-0.0394176462239959	-0.0882542423352777	-0.0879380646514555
ENSG00000204421	-0.0874706887766967	-0.0882149957452733	-0.0882097831993495	-0.0882040773508203	-0.0854811222828119	-0.0882417979109254	-0.0882643601493653	-0.088266049735204	-0.088077244353066	-0.0882635584504904	-0.0876088631202129	-0.0882782195053017	-0.0881776887570694	0.00267547350169848	-0.0882263382303908	-0.0882137691194661
ENSG00000134765	-0.088058967204406	-0.0883062353270868	-0.088289253939202	-0.0882985960065416	-0.0882278418974131	-0.0875069315118377	-0.0883008723843689	-0.088301176727838	-0.0882950745172348	-0.0882982098068869	-0.0881551624085726	-0.0883024349594056	-0.0882956015385551	-0.0650723871872382	-0.088296200751254	-0.0883011526472424
ENSG00000244617	-0.0872738921512589	-0.0879597810771201	-0.0872504898388437	-0.0879309266187239	-0.0878184860540077	-0.0880879471862982	-0.0879404665989982	-0.0881003295589317	-0.0877644778705105	-0.0879631259934459	-0.0865726066670535	-0.0882224987588471	-0.0869687132027149	-0.0228916780584443	-0.0878226021920808	-0.0880547186446747
ENSG00000107984	-0.0818395150581945	-0.0799629119646449	-0.0879777861620616	-0.0881161020661394	-0.0875033552790669	-0.088147502541034	-0.0881135093820512	-0.0882324344237466	-0.0877270392007504	-0.0882177477833555	-0.0877550214193928	-0.0882595281463043	-0.0881875041478443	-0.0112098154891966	-0.0881542817160592	-0.0880986838833464
ENSG00000196407	-0.0881032998403228	-0.0882284820647108	-0.0881821053148311	-0.0882800296121039	-0.0880191837629547	-0.0882343049169962	-0.0882226584401509	-0.0882498549925538	-0.0882161023691765	-0.0882817964404441	-0.0879210297382631	-0.0882748692765686	-0.0881315316519549	-0.0619356263777038	-0.0882407746732232	-0.0882527354038167
ENSG00000134193	-0.0882946192618918	-0.0880850303388915	-0.0883005261552396	-0.0859692053355459	-0.0877542470880393	-0.0883042422310664	-0.088293448425301	-0.0882803924410602	-0.0882997426357609	-0.0883032434709793	-0.0882838928269586	-0.0776097560661026	-0.0882942513605999	-0.0882921674093489	-0.00771046623536674	-0.0875248464172113
ENSG00000163295	-0.088305912889672	-0.0883062014000607	-0.0883062664307873	-0.0876559377502979	-0.0882974178097847	-0.0883071528009831	-0.0882233464376861	-0.0882937345416367	-0.0883068937245734	-0.088306650578804	-0.0883007678813938	-0.0883068087535421	-0.0883063437298181	-0.0883045857494749	-0.0695955075112275	-0.0883059836563787
ENSG00000173702	-0.0882746323432045	-0.0881705941435759	-0.0882961104989243	-0.0619893757112322	-0.0881982447761272	-0.0882945302146454	-0.0876506313145014	-0.0871755193294569	-0.0881886137765039	-0.0882936681502561	-0.0882657171906999	-0.0878899452053956	-0.0882646769932624	-0.088274950433191	-0.028013548763353	-0.0865028029954905
ENSG00000099834	-0.0882621512793252	-0.0881854070008299	-0.0882547152395802	-0.067387955235751	-0.0881936541909539	-0.0882892091271475	-0.0815322384801652	-0.0708009513085664	-0.0882148629584582	-0.088265634875989	-0.0882124249825818	-0.0880392185327067	-0.0880502836709131	-0.088255807178537	0.0168874775224297	-0.0876773122487737
ENSG00000166866	-0.088202352326444	-0.0882096641787724	-0.0879914842763854	-0.0754756650996895	-0.0881413066276934	-0.0882841946459677	-0.0882836322237091	-0.0882606782980177	-0.0881079744349836	-0.0882714577251136	-0.0881658849798003	-0.0882556848430359	-0.0881407206484295	-0.0882091061141355	-0.0308332951396201	-0.085969494995076
ENSG00000079112	-0.0882917021009586	-0.0882030726205452	-0.0881987156820312	-0.0677015951160386	-0.0878894178879499	-0.088173189893276	-0.0853944149756191	-0.0882949150330355	-0.0880841371316916	-0.088297481167345	-0.0882840661973311	-0.0874431866785965	-0.0882859214981654	-0.0882947713234771	-0.0609089941961707	-0.0880880980325365
ENSG00000134028	-0.0880373399214466	-0.0877470907566819	-0.0882981889770827	-0.0656249685761597	-0.088155397529316	-0.0882833203954699	-0.0881778158902239	-0.0882742430968429	-0.0878512897245668	-0.0882903087916429	-0.088228554639326	-0.0882778646904497	-0.0882622092363573	-0.0882028616264808	-0.0405458227302571	-0.0879048446886147
ENSG00000143167	-0.0882718336469537	-0.0882472883455896	-0.088279169561898	-0.0692200703292791	-0.0882714276120658	-0.088247037474016	-0.0882867019857591	-0.0882952441480303	-0.0878411219966396	-0.0882766663481041	-0.0882843388434321	-0.0883007029765636	-0.0882700041688606	-0.0882971934293572	-0.0682453420505301	-0.0882704519297344
ENSG00000256713	-0.0873424393605759	-0.0874701240318507	-0.0880128191529019	-0.0876308722238077	-0.0838395705020916	-0.0880010706104263	-0.0879485007676108	-0.0877442011857056	-0.0852446706344532	-0.0880120187194542	-0.0875190471498477	-0.0875508523765501	-0.0877177302220609	-0.0839842579182906	-0.0877386966579362	5.17292899773108
ENSG00000229859	-0.0840753272307347	-0.0839154983911403	-0.0871881130920969	-0.0846110194118666	-0.00496223483734335	-0.0869715683902365	-0.0866525855401161	-0.0854353057451272	-0.0665936029761157	-0.0868788282531678	-0.0842403994674599	-0.0850177077896762	-0.0851031827295073	-0.0684578731075492	-0.085069311174025	28.223008279046
ENSG00000229183	-0.0854455820610871	-0.0848663234612217	-0.0876081182856446	-0.085943640902572	-0.022665975944532	-0.0874820715050795	-0.0873433912904498	-0.0864580985033243	-0.0581466623622853	-0.0874683121468263	-0.0859530393232101	-0.0855261032932641	-0.0859553156387795	-0.0710215910196419	-0.0863107102267797	18.5106872235836
ENSG00000215182	-0.088303345899331	-0.0882703855691118	-0.0883023392668875	-0.0882986192100332	-0.0879625824467366	-0.0883065812073091	-0.0883067605213121	-0.0882981413968319	-0.0878787612837023	-0.0883056138029793	-0.0883034063078545	-0.0881341598275693	-0.0882956800905663	-0.0882330561154483	-0.0883025500621294	-0.0443893006618763
ENSG00000196188	-0.088263343789691	-0.0863562600931709	-0.088299463853991	-0.0875958938953507	-0.0877024051856135	-0.0882770373053618	-0.0882368669619437	-0.0882194492484553	-0.077261691081414	-0.0883008615206564	-0.0882915696593998	-0.0877862476634529	-0.0878966815942678	-0.0882537122300992	-0.0868106732373593	-0.0394019827160576
ENSG00000157017	-0.0880754381300042	-0.0881048120743912	-0.0880822958924665	-0.0880744641624359	-0.0876181735557287	-0.0881993247083802	-0.0880236394717999	-0.0881378412257975	-0.0877286457981262	-0.088197607761942	-0.0877519500350959	-0.0876018683694083	-0.0878915475068166	-0.0879131503326596	-0.0876963614827023	0.00680466843287928
ENSG00000101842	-0.0882823065425113	-0.0872708017147154	-0.0882122147405108	-0.0882833272877138	-0.0881873069590548	-0.08830190396062	-0.0882865975694303	-0.0882961650744143	-0.0881494709267127	-0.0883021174036223	-0.0882933378428074	-0.0882541720799508	-0.0873514384099432	-0.0881876014785627	-0.0882067225197659	-0.0722810340288001
